 7
 4
 402
 4
 93
 4777
 106
 59
 50
 38
 5
 582
 2
 2
 2
 64
 35
 5
 38
 79
 49
 45
 60
 13
 46
 4
 9
 109
 14
 1064
 17
 85
 180
 2
 364
 21
 8
 192
 9
 1149
 10
 3
 5706
 287
 47
 2936
 635
 144
 156
 9880
 386
 52
 98
 102
 220
 2938
 202
 258
 37
 76
 2
 933
 139
 60
 16
 70
 39
 28
 81
 93
 2919
 17
 24
 1027
 6
 64
 1342
 266
 152
 53
 3
 119
 1168
 2
 175
 6
 186
 3
 70
 27
 59
 4
 86
 294
 2862
 23
 4
 93
 138
 64
 120
 5
 2
 518
 21
 30
 35
 7081
 17
 6
 7
 3170
 56
 255
 5
 7
 217
 2
 243
 3
 750
 65
 13
 235
 2
 399
 10
 24
 22
 76
 83
 2
 1581
 5
 5
 50
 7081
 180
 2280
 2814
 75
 81
 7
 10
 924
 1441
 48
 439
 36
 3
 3
 42
 11
 2549
 4
 12
 5
 3
 102
 32
 4
 2
 61
 55
 306
 26
 10
 54
 46
 49
 1000
 11
 51
 20
 88
 11
 43
 2781
 170
 2
 194
 1143
 17
 3
 17
 99
 201
 7
 122
 4235
 906
 62
 5
 62
 205
 234
 135
 1387
 2178
 49
 204
 201
 1019
 2338
 311
 1855
 36
 381
 339
 468
 111
 13
 170
 6
 7
 136
 332
 318
 23
 17
 6
 32
 21
 7
 78
 5
 1383
 4193
 23
 3
 23
 5
 11
 4422
 31
 1314
 650
 132
 954
 1006
 352
 581
 824
 2580
 6
 5
 740
 457
 171
 207
 2
 60
 4
 36
 54
 35
 34
 7
 207
 1524
 3
 33
 100
 140
 34
 233
 8
 55
 251
 15
 8
 4
 1777
 38
 372
 29
 201
 52
 191
 2
 4065
 21
 18
 64
 17669
 51
 3
 154
 758
 1431
 240
 102
 3380
 7537
 4
 233
 3328
 1537
 1934
 293
 903
 85
 100
 1704
 305
 5
 141
 1279
 58
 428
 3303
 589
 515
 1725
 110
 29
 99
 99
 27
 54
 72
 38
 1397
 2
 3
 1380
 54
 341
 5
 36
 36
 2
 146
 7
 13
 2
 2
 320
 373
 361
 1524
 2
 8
 2
 37
 1433
 11
 206
 64
 55
 4
 53
 60
 37
 15
 5
 8
 6
 395
 27
 10
 305
 57
 3
 2
 24
 39
 64
 379
 76
 63
 351
 1729
 9
 1318
 34
 1415
 11
 12
 2786
 4
 2
 9
 4
 474
 3918
 61
 68
 2
 56
 213
 6
 34
 72
 1145
 38
 29
 20
 190
 126
 2
 69
 46
 6
 10
 342
 284
 3
 576
 19
 4
 17
 38
 49
 17
 998
 10
 50
 1581
 86
 202
 3869
 46
 46
 348
 49
 3
 2
 183
 80
 36
 428
 63
 20
 581
 6355
 1530
 54
 82
 753
 983
 80
 74
 83
 2
 416
 92
 164
 7
 50